nbrGen, herbe, mouton, loup
0,763,465,0
nbrGen, herbe, mouton, loup
0,763,465,0
nbrGen, herbe, mouton, loup
0,661,387,0
1,384,485,0
2,341,688,0
3,784,549,0
4,568,616,0
5,369,511,0
6,186,558,0
7,480,576,0
8,285,516,0
9,148,557,0
10,64,504,0
11,87,444,0
12,59,369,0
13,26,307,0
14,11,280,0
15,13,230,0
16,11,191,0
17,6,133,0
18,5,89,0
19,19,64,0
20,16,46,0
21,13,29,0
22,11,20,0
23,31,14,0
24,30,8,0
25,18,6,0
26,18,8,0
27,57,8,0
28,54,6,0
29,39,6,0
30,37,6,0
31,91,7,0
32,89,7,0
33,51,5,0
34,50,7,0
35,127,8,0
36,125,8,0
37,76,9,0
38,73,10,0
39,167,12,0
40,166,12,0
41,93,9,0
42,92,10,0
43,219,10,0
44,218,11,0
45,126,9,0
46,124,10,0
47,278,10,0
48,275,11,0
49,151,10,0
50,148,11,0
51,344,13,0
52,340,14,0
53,191,13,0
54,188,16,0
55,414,19,0
56,409,17,0
57,221,17,0
58,218,17,0
59,481,18,0
60,480,19,0
61,263,13,0
62,260,14,0
63,569,15,0
64,567,16,0
65,306,12,0
66,302,13,0
67,669,16,0
68,664,16,0
69,359,16,0
70,356,18,0
71,770,20,0
72,763,22,0
73,410,23,0
74,403,24,0
75,874,27,0
76,866,28,0
77,465,27,0
78,458,26,0
79,978,29,0
80,973,28,0
81,516,22,0
82,510,27,0
83,1094,30,0
84,1085,30,0
85,577,28,0
86,568,28,0
87,1207,34,0
88,1199,35,0
89,631,34,0
90,624,37,0
91,1311,38,0
92,1297,41,0
93,678,41,0
94,664,39,0
95,1371,48,0
96,1346,50,0
97,691,59,0
98,674,65,0
99,1414,75,0
100,1373,82,0
101,710,99,0
102,685,107,0
103,1387,112,0
104,1338,121,0
105,675,137,0
106,636,147,0
107,1357,144,0
108,1282,146,0
109,671,173,0
110,624,176,0
111,1296,189,0
112,1206,202,0
113,620,227,0
114,560,224,0
115,1203,227,0
116,1108,213,0
117,585,239,0
118,534,240,0
119,1128,237,0
120,1031,243,0
121,551,272,0
122,475,274,0
123,1005,299,0
124,877,292,0
125,444,332,0
126,376,312,0
127,811,318,0
128,705,311,0
129,366,326,0
130,301,323,0
131,654,298,0
132,562,275,0
133,287,261,0
134,226,273,0
135,552,265,0
136,478,243,0
137,254,241,0
138,206,248,0
139,498,240,0
140,426,223,0
141,248,221,0
142,194,223,0
143,490,231,0
144,418,218,0
145,251,214,0
146,199,219,0
147,496,210,0
148,431,205,0
149,247,205,0
150,206,195,0
151,551,190,0
152,494,190,0
153,293,181,0
154,255,185,0
155,586,179,0
156,533,175,0
157,311,172,0
158,276,168,0
159,633,168,0
160,588,178,0
161,346,175,0
162,316,172,0
163,751,166,0
164,687,178,0
165,410,187,0
166,357,201,0
167,869,206,0
168,780,210,0
169,461,238,0
170,391,246,0
171,910,261,0
172,815,251,0
173,458,283,0
174,393,289,0
175,898,279,0
176,798,276,0
177,446,308,0
178,372,313,0
179,809,304,0
180,695,318,0
181,367,322,0
182,285,334,0
183,658,336,0
184,565,312,0
185,312,310,0
186,237,311,0
187,543,314,0
188,447,292,0
189,237,297,0
190,175,291,0
191,423,296,0
192,328,273,0
193,182,278,0
194,134,257,0
195,299,258,0
196,247,234,0
197,140,220,0
198,106,216,0
199,285,196,0
200,245,186,0
201,153,158,0
202,128,144,0
203,342,137,0
204,307,127,0
205,195,117,0
206,172,118,0
207,422,116,0
208,394,114,0
209,233,112,0
210,214,106,0
211,546,103,0
212,513,97,0
213,307,97,0
214,284,108,0
215,661,112,0
216,614,113,0
217,348,114,0
218,319,122,0
219,791,133,0
220,732,139,0
221,433,154,0
222,387,161,0
223,904,173,0
224,829,181,0
225,453,205,0
226,406,203,0
227,942,206,0
228,863,214,0
229,493,235,0
230,425,245,0
231,954,258,0
232,851,257,0
233,461,291,0
234,399,295,0
235,873,291,0
236,768,306,0
237,406,319,0
238,330,323,0
239,752,297,0
240,663,291,0
241,370,293,0
242,300,308,0
243,692,303,0
244,583,290,0
245,310,293,0
246,244,276,0
247,553,272,0
248,495,252,0
249,275,235,0
250,239,224,0
251,507,216,0
252,470,204,0
253,249,179,0
254,210,170,0
255,507,153,0
256,460,149,0
257,277,147,0
258,244,144,0
259,544,144,0
260,486,145,0
261,267,150,0
262,226,149,0
263,542,154,0
264,507,137,0
265,296,144,0
266,266,149,0
267,611,141,0
268,572,142,0
269,324,136,0
270,292,122,0
271,690,128,0
272,655,116,0
273,369,114,0
274,349,118,0
275,756,110,0
276,723,110,0
277,392,105,0
278,366,108,0
279,827,111,0
280,789,105,0
281,425,114,0
282,400,114,0
283,875,122,0
284,840,114,0
285,453,110,0
286,417,119,0
287,954,127,0
288,900,113,0
289,499,126,0
290,465,122,0
291,986,136,0
292,941,135,0
293,497,135,0
294,469,134,0
295,1034,128,0
296,984,126,0
297,533,133,0
298,500,132,0
299,1079,136,0
300,1012,145,0
301,542,162,0
302,495,170,0
303,1119,177,0
304,1035,175,0
305,582,202,0
306,521,213,0
307,1137,226,0
308,1047,223,0
309,558,243,0
310,502,246,0
311,1099,257,0
312,989,278,0
313,539,300,0
314,466,320,0
315,991,323,0
316,854,333,0
317,451,372,0
318,354,394,0
319,781,389,0
320,638,382,0
321,346,387,0
322,255,394,0
323,542,392,0
324,434,352,0
325,226,355,0
326,171,320,0
327,337,295,0
328,279,285,0
329,153,244,0
330,113,239,0
331,273,216,0
332,227,190,0
333,133,176,0
334,103,159,0
335,253,147,0
336,219,139,0
337,124,132,0
338,103,128,0
339,292,115,0
340,264,104,0
341,173,94,0
342,153,91,0
343,365,88,0
344,341,88,0
345,203,71,0
346,187,80,0
347,477,84,0
348,456,81,0
349,274,74,0
350,257,77,0
351,612,84,0
352,592,89,0
353,334,77,0
354,317,88,0
355,769,89,0
356,741,90,0
357,427,90,0
358,406,100,0
359,925,106,0
360,885,118,0
361,505,119,0
362,469,134,0
363,1096,149,0
364,1021,161,0
365,588,180,0
366,525,193,0
367,1213,220,0
368,1091,237,0
369,609,275,0
370,529,302,0
371,1163,318,0
372,1014,313,0
373,555,361,0
374,469,364,0
375,1033,380,0
376,858,399,0
377,466,426,0
378,353,454,0
379,781,450,0
380,622,445,0
381,343,467,0
382,230,479,0
383,524,465,0
384,392,431,0
385,201,431,0
386,122,404,0
387,263,383,0
388,198,355,0
389,95,312,0
390,54,289,0
391,150,249,0
392,120,217,0
393,85,175,0
394,67,143,0
395,179,121,0
396,173,101,0
397,105,82,0
398,98,73,0
399,265,60,0
400,253,55,0
401,161,42,0
402,152,36,0
403,365,40,0
404,350,40,0
405,199,37,0
406,189,41,0
407,470,45,0
408,449,44,0
409,270,49,0
410,258,47,0
411,597,55,0
412,572,62,0
413,322,66,0
414,304,70,0
415,712,73,0
416,677,81,0
417,388,90,0
418,360,94,0
419,813,106,0
420,765,113,0
421,428,117,0
422,396,127,0
423,882,128,0
424,838,126,0
425,457,136,0
426,428,138,0
427,942,141,0
428,894,145,0
429,490,152,0
430,448,155,0
431,1015,153,0
432,941,149,0
433,523,173,0
434,472,165,0
435,1017,192,0
436,936,191,0
437,492,213,0
438,444,214,0
439,965,217,0
440,897,202,0
441,478,213,0
442,435,210,0
443,946,210,0
444,872,198,0
445,466,203,0
446,420,199,0
447,942,206,0
448,847,209,0
449,457,223,0
450,395,219,0
451,885,231,0
452,800,237,0
453,428,244,0
454,369,264,0
455,797,260,0
456,704,253,0
457,379,272,0
458,318,278,0
459,711,292,0
460,611,285,0
461,329,292,0
462,269,283,0
463,619,269,0
464,536,266,0
465,292,257,0
466,240,263,0
467,532,247,0
468,461,241,0
469,257,232,0
470,203,243,0
471,451,242,0
472,397,227,0
473,216,211,0
474,181,205,0
475,423,192,0
476,387,171,0
477,221,151,0
478,196,141,0
479,458,129,0
480,429,118,0
481,235,118,0
482,214,106,0
483,491,101,0
484,465,102,0
485,270,100,0
486,248,90,0
487,578,96,0
488,540,90,0
489,296,90,0
490,276,97,0
491,649,93,0
492,623,95,0
493,359,94,0
494,336,92,0
495,760,98,0
496,721,89,0
497,402,93,0
498,378,95,0
499,839,104,0
