nbrGen, herbe, mouton, loup
0,646,176,538
1,551,126,345
2,542,36,311
3,1481,27,243
4,1465,16,187
5,943,5,154
6,942,5,18
7,1596,5,16
8,1593,7,7
9,653,7,3
10,651,9,0
11,1596,10,0
12,1589,11,0
13,944,13,0
14,941,16,0
15,1590,17,0
16,1580,20,0
17,648,26,0
18,646,26,0
19,1577,27,0
20,1566,34,0
21,930,39,0
22,914,48,0
23,1581,45,0
24,1548,50,0
25,663,61,0
26,644,65,0
27,1553,67,0
28,1516,79,0
29,895,90,0
30,865,105,0
31,1509,107,0
32,1451,116,0
33,619,128,0
34,594,137,0
35,1393,126,0
36,1353,133,0
37,785,139,0
38,744,157,0
39,1344,148,0
40,1267,157,0
41,562,174,0
42,510,186,0
43,1231,183,0
44,1152,180,0
45,675,195,0
46,621,205,0
47,1155,219,0
48,1069,218,0
49,482,227,0
50,425,246,0
51,1013,246,0
52,930,231,0
53,528,250,0
54,465,272,0
55,897,273,0
56,800,272,0
57,379,286,0
58,323,299,0
59,752,284,0
60,666,286,0
61,372,278,0
62,310,286,0
63,621,273,0
64,540,276,0
65,262,264,0
66,207,269,0
67,495,268,0
68,427,252,0
69,246,243,0
70,199,242,0
71,442,236,0
72,375,225,0
73,194,218,0
74,155,221,0
75,389,204,0
76,338,200,0
77,206,199,0
78,164,190,0
79,377,198,0
80,322,182,0
81,183,184,0
82,155,170,0
83,364,156,0
84,330,146,0
85,204,137,0
86,179,135,0
87,425,120,0
88,386,119,0
89,231,115,0
90,197,114,0
91,496,111,0
92,449,114,0
93,262,115,0
94,237,120,0
95,547,115,0
96,512,113,0
97,288,116,0
98,263,117,0
99,614,122,0
100,578,116,0
101,326,109,0
102,301,112,0
103,695,107,0
104,660,102,0
105,363,101,0
106,336,102,0
107,769,105,0
108,735,92,0
109,397,95,0
110,380,99,0
111,832,103,0
112,806,103,0
113,439,92,0
114,414,108,0
115,931,119,0
116,886,110,0
117,489,109,0
118,464,111,0
119,1036,111,0
120,988,111,0
121,541,117,0
122,509,130,0
123,1130,133,0
124,1077,134,0
125,581,151,0
126,543,174,0
127,1187,174,0
128,1118,176,0
129,596,195,0
130,545,215,0
131,1188,215,0
132,1086,226,0
133,598,249,0
134,519,270,0
135,1139,290,0
136,1007,284,0
137,532,319,0
138,448,326,0
139,964,343,0
140,832,341,0
141,430,361,0
142,357,390,0
143,766,364,0
144,641,363,0
145,337,385,0
146,250,402,0
147,566,371,0
148,437,353,0
149,238,359,0
150,161,354,0
151,370,352,0
152,285,322,0
153,161,292,0
154,109,297,0
155,278,284,0
156,222,259,0
157,141,243,0
158,106,218,0
159,259,196,0
160,224,183,0
161,133,157,0
162,110,141,0
163,291,136,0
164,268,115,0
165,165,104,0
166,148,98,0
167,360,94,0
168,343,84,0
169,200,81,0
170,192,68,0
171,469,68,0
172,458,65,0
173,268,59,0
174,257,56,0
175,612,61,0
176,596,56,0
177,343,49,0
178,332,52,0
179,777,53,0
180,765,50,0
181,431,47,0
182,425,50,0
183,964,49,0
184,953,50,0
185,532,47,0
186,520,48,0
187,1151,52,0
188,1136,54,0
189,622,47,0
190,612,53,0
191,1285,59,0
192,1257,63,0
193,656,67,0
194,638,75,0
195,1338,79,0
196,1295,78,0
197,683,94,0
198,661,98,0
199,1348,101,0
200,1304,112,0
201,667,127,0
202,640,140,0
203,1361,145,0
204,1282,162,0
205,677,195,0
206,613,214,0
207,1320,224,0
208,1207,224,0
209,634,258,0
210,567,257,0
211,1175,269,0
212,1069,269,0
213,530,283,0
214,464,309,0
215,1004,282,0
216,898,292,0
217,473,296,0
218,398,303,0
219,853,299,0
220,738,300,0
221,382,300,0
222,313,289,0
223,674,294,0
224,590,279,0
225,310,268,0
226,265,261,0
227,584,240,0
228,522,246,0
229,281,232,0
230,224,254,0
231,530,235,0
232,465,231,0
233,263,225,0
234,210,228,0
235,522,231,0
236,445,225,0
237,252,235,0
238,199,224,0
239,484,222,0
240,416,200,0
241,249,206,0
242,205,195,0
243,493,188,0
244,445,177,0
245,259,173,0
246,233,177,0
247,553,163,0
248,515,164,0
249,313,140,0
250,281,143,0
251,688,143,0
252,635,141,0
253,373,148,0
254,335,147,0
255,759,157,0
256,714,161,0
257,395,159,0
258,363,156,0
259,839,154,0
260,791,155,0
261,459,154,0
262,422,159,0
263,964,163,0
264,888,165,0
265,500,196,0
266,449,198,0
267,1024,202,0
268,942,219,0
269,523,236,0
270,464,244,0
271,1020,247,0
272,920,247,0
273,499,271,0
274,421,282,0
275,970,288,0
276,857,287,0
277,471,306,0
278,399,320,0
279,835,318,0
280,731,315,0
281,373,325,0
282,306,340,0
283,671,332,0
284,562,322,0
285,288,330,0
286,217,342,0
287,523,322,0
288,423,311,0
289,242,306,0
290,169,304,0
291,404,304,0
292,342,258,0
293,198,239,0
294,155,225,0
295,406,221,0
296,360,203,0
297,223,183,0
298,194,165,0
299,454,163,0
300,428,137,0
301,245,120,0
302,226,109,0
303,538,97,0
304,508,97,0
305,295,96,0
306,273,96,0
307,626,107,0
308,593,105,0
309,329,106,0
310,305,109,0
311,711,112,0
312,664,109,0
313,375,115,0
314,347,121,0
315,790,125,0
316,748,124,0
317,412,133,0
318,387,139,0
319,869,137,0
320,815,134,0
321,456,140,0
322,422,144,0
323,989,152,0
324,912,157,0
325,517,184,0
326,466,196,0
327,1018,206,0
328,950,209,0
329,506,205,0
330,464,228,0
331,1049,220,0
332,953,221,0
333,524,247,0
334,456,258,0
335,1028,270,0
336,911,281,0
337,493,305,0
338,426,296,0
339,888,293,0
340,792,297,0
341,408,299,0
342,347,322,0
343,807,310,0
344,694,313,0
345,381,325,0
346,310,322,0
347,694,310,0
348,601,292,0
349,320,300,0
350,257,302,0
351,578,286,0
352,490,278,0
353,264,279,0
354,214,270,0
355,498,249,0
356,427,237,0
357,239,221,0
358,199,229,0
359,433,216,0
360,388,192,0
361,212,194,0
362,179,187,0
363,448,172,0
364,398,158,0
365,235,143,0
366,205,129,0
367,461,139,0
368,435,121,0
369,243,113,0
370,225,112,0
371,522,104,0
372,504,93,0
373,280,86,0
374,270,80,0
375,617,74,0
376,595,68,0
377,337,62,0
378,319,60,0
379,735,70,0
380,711,63,0
381,391,64,0
382,378,68,0
383,816,75,0
384,794,78,0
385,423,73,0
386,398,84,0
387,901,88,0
388,864,88,0
389,476,91,0
390,448,102,0
391,974,111,0
392,925,120,0
393,498,125,0
394,467,135,0
395,1038,135,0
396,979,136,0
397,526,147,0
398,485,157,0
399,1079,159,0
400,1009,163,0
401,556,185,0
402,506,190,0
403,1072,207,0
404,994,214,0
405,518,226,0
406,461,243,0
407,1007,233,0
408,912,235,0
409,496,253,0
410,431,246,0
411,911,257,0
412,821,253,0
413,421,273,0
414,364,284,0
415,779,275,0
416,704,256,0
417,367,256,0
418,317,263,0
419,681,236,0
420,606,217,0
421,319,233,0
422,268,227,0
423,637,224,0
424,561,219,0
425,315,243,0
426,256,234,0
427,594,248,0
428,510,231,0
429,274,229,0
430,224,226,0
431,549,229,0
432,481,215,0
433,281,208,0
434,242,215,0
435,573,206,0
436,499,205,0
437,270,207,0
438,226,208,0
439,560,203,0
440,492,193,0
441,289,205,0
442,246,200,0
443,578,199,0
444,522,187,0
445,298,184,0
446,263,177,0
447,598,166,0
448,556,168,0
449,316,160,0
450,284,167,0
451,648,157,0
452,611,150,0
453,342,144,0
454,317,150,0
455,738,144,0
456,696,145,0
457,403,147,0
458,363,151,0
459,832,165,0
460,759,160,0
461,426,181,0
462,383,187,0
463,842,191,0
464,766,189,0
465,401,203,0
466,357,213,0
467,792,207,0
468,734,210,0
469,389,208,0
470,349,226,0
471,764,212,0
472,703,200,0
473,378,195,0
474,330,189,0
475,766,194,0
476,691,181,0
477,380,198,0
478,332,200,0
479,732,200,0
480,668,194,0
481,356,193,0
482,314,207,0
483,720,193,0
484,663,190,0
485,361,181,0
486,319,195,0
487,713,198,0
488,657,193,0
489,346,194,0
490,306,191,0
491,692,188,0
492,643,182,0
493,360,171,0
494,313,181,0
495,739,180,0
496,678,168,0
497,383,171,0
498,347,166,0
499,809,172,0
